#18. Reversed Sequence Creation:
Generate and store a sequence of values from 10 to -20 in steps of 0.5. How can you reverse this
sequence efficiently in R without recreating it manually?

> sequence<-seq(from=10,to=-20,by=-0.5)
> 
> sequence
 [1]  10.0   9.5   9.0   8.5
 [5]   8.0   7.5   7.0   6.5
 [9]   6.0   5.5   5.0   4.5
[13]   4.0   3.5   3.0   2.5
[17]   2.0   1.5   1.0   0.5
[21]   0.0  -0.5  -1.0  -1.5
[25]  -2.0  -2.5  -3.0  -3.5
[29]  -4.0  -4.5  -5.0  -5.5
[33]  -6.0  -6.5  -7.0  -7.5
[37]  -8.0  -8.5  -9.0  -9.5
[41] -10.0 -10.5 -11.0 -11.5
[45] -12.0 -12.5 -13.0 -13.5
[49] -14.0 -14.5 -15.0 -15.5
[53] -16.0 -16.5 -17.0 -17.5
[57] -18.0 -18.5 -19.0 -19.5
[61] -20.0
> 
> 
> sequence<-rev(sequence)
> sequence
 [1] -20.0 -19.5 -19.0 -18.5
 [5] -18.0 -17.5 -17.0 -16.5
 [9] -16.0 -15.5 -15.0 -14.5
[13] -14.0 -13.5 -13.0 -12.5
[17] -12.0 -11.5 -11.0 -10.5
[21] -10.0  -9.5  -9.0  -8.5
[25]  -8.0  -7.5  -7.0  -6.5
[29]  -6.0  -5.5  -5.0  -4.5
[33]  -4.0  -3.5  -3.0  -2.5
[37]  -2.0  -1.5  -1.0  -0.5
[41]   0.0   0.5   1.0   1.5
[45]   2.0   2.5   3.0   3.5
[49]   4.0   4.5   5.0   5.5
[53]   6.0   6.5   7.0   7.5
[57]   8.0   8.5   9.0   9.5
[61]  10.0
