#1. Create and store a sequence of values from 5 to -11 that progresses in steps of 0.3.





> sequence<-seq(from=5,to=-11,by=-0.3)
> sequence
 [1]   5.0   4.7   4.4   4.1   3.8   3.5
 [7]   3.2   2.9   2.6   2.3   2.0   1.7
[13]   1.4   1.1   0.8   0.5   0.2  -0.1
[19]  -0.4  -0.7  -1.0  -1.3  -1.6  -1.9
[25]  -2.2  -2.5  -2.8  -3.1  -3.4  -3.7
[31]  -4.0  -4.3  -4.6  -4.9  -5.2  -5.5
[37]  -5.8  -6.1  -6.4  -6.7  -7.0  -7.3
[43]  -7.6  -7.9  -8.2  -8.5  -8.8  -9.1
[49]  -9.4  -9.7 -10.0 -10.3 -10.6 -10.9
